      1    0.    25.0    1.4      7    0.0
      1    2.0    0.0    1.4      7   17.3
      1   12.5    3.5    1.4      7    0.0
      1   24.5    3.5    1.4      7    0.0
      1   37.0    3.5    1.4      7    0.0
      1   48.0    3.5    1.4      7    0.0
      1   60.5    3.5    1.4      7    0.0
      1   72.5    3.5    1.4      7    0.0
      1   85.3    3.5    1.4      7    0.0
      1   96.5    3.5    1.4      7    0.0
      1  108.5    3.5    1.4      7    0.0
      1  112.5    0.0    1.4      7   31.0
