TABLE NO.  1
 TIME                 kin                  IPRED
  0.0000000000000E+00  2.3750000000000E+02  0.0000000000000E+00
  1.0000000000000E-02  2.3746343991078E+02  4.7481723560611E-01
  2.0000000000000E-02  2.3742683653708E+02  9.4926865393400E-01
  3.0000000000000E-02  2.3739018983526E+02  1.4233538219206E+00
  4.0000000000000E-02  2.3735349976179E+02  1.8970723060670E+00
  5.0000000000000E-02  2.3731676627322E+02  2.3704236724394E+00
  6.0000000000000E-02  2.3727998932617E+02  2.8434074866698E+00
  7.0000000000000E-02  2.3724316887738E+02  3.3160233139570E+00
  8.0000000000000E-02  2.3720630488366E+02  3.7882707190676E+00
  9.0000000000000E-02  2.3716939730192E+02  4.2601492663368E+00
  1.0000000000000E-01  2.3713244608915E+02  4.7316585196692E+00
  1.0100000000000E-01  2.3712874856652E+02  4.7787891170334E+00
  1.0200000000000E-01  2.3712505060710E+02  4.8259160166567E+00
  1.0300000000000E-01  2.3712135221085E+02  4.8730392181020E+00
  1.0400000000000E-01  2.3711765337774E+02  4.9201587209327E+00
  1.0500000000000E-01  2.3711395410772E+02  4.9672745247119E+00
  1.0600000000000E-01  2.3711025440075E+02  5.0143866290025E+00
  1.0700000000000E-01  2.3710655425677E+02  5.0614950333677E+00
  1.0800000000000E-01  2.3710285367576E+02  5.1085997373704E+00
  1.0900000000000E-01  2.3709915265767E+02  5.1557007405735E+00
  1.1000000000000E-01  2.3709545120245E+02  5.2027980425400E+00
  1.1100000000000E-01  2.3709174931007E+02  5.2498916428327E+00
  1.1200000000000E-01  2.3708804698047E+02  5.2969815410144E+00
  1.1300000000000E-01  2.3708434421362E+02  5.3440677366479E+00
  1.1400000000000E-01  2.3708064100948E+02  5.3911502292959E+00
  1.1500000000000E-01  2.3707693736799E+02  5.4382290185211E+00
  1.1600000000000E-01  2.3707323328913E+02  5.4853041038861E+00
  1.1700000000000E-01  2.3706952877284E+02  5.5323754849535E+00
  1.1800000000000E-01  2.3706582381909E+02  5.5794431612859E+00
  1.1900000000000E-01  2.3706211842782E+02  5.6265071324458E+00
  1.2000000000000E-01  2.3705841259901E+02  5.6735673979957E+00
  1.3000000000000E-01  2.3702133023611E+02  6.1439661486546E+00
  1.4000000000000E-01  2.3698420407113E+02  6.6139938567081E+00
  1.5000000000000E-01  2.3694703406155E+02  7.0836500839242E+00
  1.6000000000000E-01  2.3690982016497E+02  7.5529343916449E+00
  1.7000000000000E-01  2.3687256233905E+02  8.0218463407882E+00
  1.8000000000000E-01  2.3683526054158E+02  8.4903854918498E+00
  1.9000000000000E-01  2.3679791473046E+02  8.9585514049034E+00
  2.0000000000000E-01  2.3676052486367E+02  9.4263436396024E+00
  3.0000000000000E-01  2.3638419397037E+02  1.4083616501779E+01
  4.0000000000000E-01  2.3600341213265E+02  1.8703034059973E+01
  5.0000000000000E-01  2.3561813928247E+02  2.3284149169648E+01
  6.0000000000000E-01  2.3522833670098E+02  2.7826510761455E+01
  7.0000000000000E-01  2.3483396716830E+02  3.2329663613295E+01
  8.0000000000000E-01  2.3443499512280E+02  3.6793148817008E+01
  9.0000000000000E-01  2.3403138683034E+02  4.1216503635581E+01
  1.0000000000000E+00  2.3362311056398E+02  4.5599260296330E+01
  2.0000000000000E+00  2.2927848144306E+02  8.7087279845562E+01
  3.0000000000000E+00  2.2445598490032E+02  1.2391847447954E+02
  4.0000000000000E+00  2.1919908474820E+02  1.5512216101795E+02
  5.0000000000000E+00  2.1364453334671E+02  1.7788380832616E+02
  6.0000000000000E+00  2.0806190232349E+02  1.8694901861230E+02
  7.0000000000000E+00  2.0285340199839E+02  1.7451452222433E+02
  8.0000000000000E+00  1.9845649368429E+02  1.4765015651638E+02
  9.0000000000000E+00  1.9515580574584E+02  1.1733852692409E+02
  1.0000000000000E+01  1.9295094895789E+02  8.9195082761939E+01
  1.1000000000000E+01  1.9161462346002E+02  6.4590822849480E+01
  1.2000000000000E+01  1.9085875053321E+02  4.4380865437492E+01
  1.3000000000000E+01  1.9044931210652E+02  2.8854023269619E+01
  1.4000000000000E+01  1.9023298675211E+02  1.7748001423943E+01
  1.5000000000000E+01  1.9012023820372E+02  1.0368361147791E+01
  1.6000000000000E+01  1.9006189713108E+02  5.7993866981721E+00
  1.7000000000000E+01  1.9003182270975E+02  3.1389297333544E+00
  1.8000000000000E+01  1.9001634986445E+02  1.6615803907693E+00
  1.9000000000000E+01  1.9000839734656E+02  8.6759485042922E-01
  2.0000000000000E+01  1.9000431214504E+02  4.4947632609634E-01
  2.1000000000000E+01  1.9000221414097E+02  2.3186508083472E-01
  2.2000000000000E+01  1.9000113683374E+02  1.1933698755908E-01
  2.3000000000000E+01  1.9000058368463E+02  6.1347631872643E-02
  2.4000000000000E+01  1.9000029967757E+02  3.1517552757993E-02
  2.5000000000000E+01  1.9000015386062E+02  1.6187087022507E-02
  2.6000000000000E+01  1.9000007899494E+02  8.3121485700288E-03
  2.7000000000000E+01  1.9000004055743E+02  4.2679606526602E-03
  2.8000000000000E+01  1.9000002082290E+02  2.1913258199443E-03
  2.9000000000000E+01  1.9000001069084E+02  1.1250722398077E-03
  2.9100000000000E+01  1.9000001000135E+02  1.0525121884063E-03
  2.9200000000000E+01  1.9000000935634E+02  9.8463154378158E-04
  2.9300000000000E+01  1.9000000875292E+02  9.2112854305869E-04
  2.9400000000000E+01  1.9000000818842E+02  8.6172088168770E-04
  2.9500000000000E+01  1.9000000766032E+02  8.0614445893844E-04
  2.9600000000000E+01  1.9000000716628E+02  7.5415220422607E-04
  2.9700000000000E+01  1.9000000670411E+02  7.0551297910529E-04
  2.9800000000000E+01  1.9000000627174E+02  6.6001055002765E-04
  2.9900000000000E+01  1.9000000586726E+02  6.1744262731853E-04
  3.0000000000000E+01  1.9000000548886E+02  5.7761996611344E-04
  3.1000000000000E+01  1.9000000281807E+02  2.9654347416250E-04
  3.2000000000000E+01  1.9000000144685E+02  1.5223264103279E-04
  3.3000000000000E+01  1.9000000074284E+02  7.8140632873680E-05
  3.4000000000000E+01  1.9000000038139E+02  4.0100433688628E-05
  3.5000000000000E+01  1.9000000019581E+02  2.0569919492073E-05
  3.6000000000000E+01  1.9000000010053E+02  1.0542612651914E-05
  3.7000000000000E+01  1.9000000005161E+02  5.3944199528251E-06
  3.8000000000000E+01  1.9000000002650E+02  2.7512492534622E-06
  3.9000000000000E+01  1.9000000001361E+02  1.3942000601509E-06
  4.0000000000000E+01  1.9000000000699E+02  6.9746775465814E-07
  4.1000000000000E+01  1.9000000000359E+02  3.3975345310957E-07
  4.2000000000000E+01  1.9000000000184E+02  1.5609681857984E-07
  4.3000000000000E+01  1.9000000000095E+02  6.1804371294450E-08
  4.4000000000000E+01  1.9000000000049E+02  1.3393042840477E-08
  4.5000000000000E+01  1.9000000000025E+02 -1.1462147440186E-08
  4.6000000000000E+01  1.9000000000013E+02 -2.4223218051081E-08
  4.7000000000000E+01  1.9000000000007E+02 -3.0774970759124E-08
  4.8000000000000E+01  1.9000000000003E+02 -3.4138744284892E-08
  4.9000000000000E+01  1.9000000000002E+02 -3.5865756215242E-08
  5.0000000000000E+01  1.9000000000001E+02 -3.6752406205257E-08
  5.1000000000000E+01  1.9000000000000E+02 -3.7207622364395E-08
  5.2000000000000E+01  1.9000000000000E+02 -3.7441323142850E-08
  5.3000000000000E+01  1.9000000000000E+02 -3.7561289166692E-08
  5.4000000000000E+01  1.9000000000000E+02 -3.7622861686973E-08
  5.5000000000000E+01  1.9000000000000E+02 -3.7654481431495E-08
  5.6000000000000E+01  1.9000000000000E+02 -3.7670700058261E-08
  5.7000000000000E+01  1.9000000000000E+02 -3.7679016132146E-08
  5.8000000000000E+01  1.9000000000000E+02 -3.7683292721279E-08
  5.9000000000000E+01  1.9000000000000E+02 -3.7685460530120E-08
  6.0000000000000E+01  1.9000000000000E+02 -3.7686588747051E-08
  6.1000000000000E+01  1.9000000000000E+02 -3.7687157995443E-08
  6.2000000000000E+01  1.9000000000000E+02 -3.7687439940543E-08
  6.3000000000000E+01  1.9000000000000E+02 -3.7687572356581E-08
  6.4000000000000E+01  1.9000000000000E+02 -3.7687613162021E-08
  6.5000000000000E+01  1.9000000000000E+02 -3.7687639371868E-08
  6.6000000000000E+01  1.9000000000000E+02 -3.7687639371868E-08
  6.7000000000000E+01  1.9000000000000E+02 -3.7687639371868E-08
  6.8000000000000E+01  1.9000000000000E+02 -3.7687639371868E-08
  6.9000000000000E+01  1.9000000000000E+02 -3.7687639371868E-08
  7.0000000000000E+01  1.9000000000000E+02 -3.7687639371868E-08
  8.0000000000000E+01  1.9000000000000E+02 -3.7687639371868E-08
  9.0000000000000E+01  1.9000000000000E+02 -3.7687639371868E-08
  1.0000000000000E+02  1.9000000000000E+02 -3.7687639371868E-08
