     1	TABLE NO.  1
     2	
     3	
     4	
     5	LINE NO.     ID      TIME       AMT        WT      APGR        DV      PRED      RES       WRES
     6	
     7	   1    1.00E+00  0.00E+00  2.50E+01  1.40E+00  7.00E+00  0.00E+00  1.78E+01  0.00E+00  0.00E+00
     8	
     9	   2    1.00E+00  2.00E+00  0.00E+00  1.40E+00  7.00E+00  1.73E+01  1.76E+01 -3.14E-01 -2.92E-01
    10	
    11	   3    1.00E+00  1.25E+01  3.50E+00  1.40E+00  7.00E+00  0.00E+00  1.92E+01  0.00E+00  0.00E+00
    12	
    13	   4    1.00E+00  2.45E+01  3.50E+00  1.40E+00  7.00E+00  0.00E+00  2.07E+01  0.00E+00  0.00E+00
    14	
    15	   5    1.00E+00  3.70E+01  3.50E+00  1.40E+00  7.00E+00  0.00E+00  2.20E+01  0.00E+00  0.00E+00
    16	
    17	   6    1.00E+00  4.80E+01  3.50E+00  1.40E+00  7.00E+00  0.00E+00  2.33E+01  0.00E+00  0.00E+00
    18	
    19	   7    1.00E+00  6.05E+01  3.50E+00  1.40E+00  7.00E+00  0.00E+00  2.45E+01  0.00E+00  0.00E+00
    20	
    21	   8    1.00E+00  7.25E+01  3.50E+00  1.40E+00  7.00E+00  0.00E+00  2.56E+01  0.00E+00  0.00E+00
    22	
    23	   9    1.00E+00  8.53E+01  3.50E+00  1.40E+00  7.00E+00  0.00E+00  2.66E+01  0.00E+00  0.00E+00
    24	
    25	  10    1.00E+00  9.65E+01  3.50E+00  1.40E+00  7.00E+00  0.00E+00  2.77E+01  0.00E+00  0.00E+00
    26	
    27	  11    1.00E+00  1.08E+02  3.50E+00  1.40E+00  7.00E+00  0.00E+00  2.87E+01  0.00E+00  0.00E+00
    28	
    29	  12    1.00E+00  1.12E+02  0.00E+00  1.40E+00  7.00E+00  3.10E+01  2.81E+01  2.88E+00  6.88E-01
